3,2
3,1
3,3
10,216
10,9
10,224
10,300
10,283
10,72
10,163
11,16
11,21
11,27
11,23
9,5
9,7
9,2
9,3
8,12
8,16
8,4
8,10
8,17
8,2
8,3
48,4
48,3
48,2
48,1
48,0
47,3
47,2
47,1
47,0
46,3
46,2
46,1
46,0
45,4
45,3
45,2
45,1
45,0
44,4
44,3
44,2
44,1
44,0
42,5
42,4
42,3
42,2
42,1
42,0
39,5
39,4
39,3
39,2
39,1
39,0
37,5
37,4
37,3
37,2
37,1
37,0
25,3
25,1
20,3
20,2
20,1
19,3
19,2
19,1
14,5
14,4
12,3
12,2
12,1
11,30
11,29
11,26
11,25
11,24
11,22
11,20
11,18
11,15
11,14
11,13
11,10
11,8
11,5
11,4
11,3
11,2
11,1
10,308
10,306
10,215
10,210
10,159
18,1
10,158
18,3
